100,22665
100,23079
100,23429
100,22726
100,23012
100,22483
100,23232
100,22792
100,22809
100,22789


22901  0.022901  0.022789  0.022809

a=2.3012999999999995
b=-108.99999999999636
c=-111.99999999999636


1000,1855611
1000,1893662
1000,1913596
1000,1856142
1000,1890598
1000,1994738
1000,1869005
1000,1855558

1.891113

10000,75606060
10000,74433307
10000,75765292
10000,74721018
10000,70196318
10000,74630006
10000,70778018
10000,75137280


73.908412

Best Case Starts
10000,107959
1000,12312
100,2654
Worst Case Starts
100,40843
1000,3185463
10000,140949595
