100
2145174067
2089018456
2084420925
2053999932
2044897763
2038664370
2001100545
1998898814
1984210012
1973594324
1967513926
1957747793
1956297539
1937477084
1918502651
1914544919
1911759956
1889947178
1843993368
1827336327
1804289383
1801979802
1780695788
1749698586
1734575198
1726956429
1714636915
1681692777
1656478042
1653377373
1649760492
1632621729
1585990364
1548233367
1540383426
1477171087
1474612399
1469348094
1433925857
1424268980
1411549676
1374344043
1369133069
1365180540
1350490027
1315634022
1303455736
1264095060
1189641421
1159126505
1141616124
1131176229
1129566413
1125898167
1102520059
1101513929
1100661313
1059961393
1025202362
982906996
945117276
943947739
939819582
861021530
859484421
855636226
846930886
805750846
783368690
760313750
756898537
752392754
749241873
719885386
709393584
635723058
628175011
610515434
608413784
596516649
572660336
521595368
511702305
491705403
468703135
424238335
412776091
356426808
336465782
304089172
294702567
278722862
233665123
184803526
149798315
137806862
135497281
84353895
42999170
35005211
