1000
2147469841
2143124030
2142757034
2137390358
2137100237
2135019593
2130794395
2118801173
2118421993
2114937732
2114738097
2113903881
2112255763
2106914653
2103318776
2086206725
2083149517
2079611790
2078107280
2077486715
2077211388
2073785404
2069110699
2067062760
2064945486
2060975266
2059344234
2058907361
2058657199
2056665155
2045826607
2040651434
2040332871
2039723618
2037770478
2033669086
2033505236
2032894977
2032454154
2030449291
2027907669
2025554010
2025187190
2016764524
2013725218
2010794583
2009726312
2007905771
2006811972
2006138722
2004504234
2004187516
2002495425
2001229904
2000419805
1998994314
1994320152
1992576590
1989806367
1988714904
1987231011
1986894018
1985433483
1983690368
1983614030
1983228458
1982945082
1982275856
1981208324
1979015720
1978701535
1977648522
1975960378
1974806403
1973387981
1968922326
1968217462
1967681095
1965421244
1960709859
1959343768
1954696532
1953443376
1950955939
1947346619
1943327684
1943003493
1941727088
1941690360
1939964443
1936060910
1934660183
1934392735
1931706506
1931513970
1930772757
1928189300
1927495994
1916250774
1911165193
1910858270
1910300925
1909850543
1909002904
1908518808
1907895021
1905241081
1900553541
1899058025
1896306640
1894519218
1892430639
1892066601
1891252715
1889804310
1887665154
1887658390
1886086990
1884661237
1884167637
1880346039
1877565100
1876855542
1875641892
1875335928
1874799051
1872666833
1869470124
1867107722
1866355856
1866000081
1862875640
1862292122
1859031536
1858721860
1858504292
1857962504
1857756970
1856669179
1850952926
1849552528
1844400657
1841585795
1833488263
1830539036
1826620483
1823796892
1823089412
1821066342
1820388464
1815209933
1814887560
1813080154
1812282134
1799878206
1799560997
1797073940
1795519125
1794292538
1789376348
1789366143
1788014412
1787897525
1785550551
1784639529
1782436840
1782280524
1781999754
1780172261
1779289672
1776808933
1775473788
1766146081
1763794427
1762924393
1761250573
1760281936
1760243555
1756915667
1751378130
1750003033
1748806355
1748349614
1747844822
1745897490
1745790417
1739000681
1738909365
1738110294
1738076217
1737518944
1736491298
1735079296
1730418657
1725138377
1724916170
1723578341
1722060049
1717226057
1713258270
1708302647
1707746139
1707056552
1704365084
1703964683
1694887982
1691449122
1688323172
1687926652
1687776787
1682085273
1679895436
1676902021
1675575223
1675518157
1671735990
1671581032
1671294892
1669679262
1669475776
1665947468
1665204916
1664423428
1663080928
1662981776
1662739668
1660651136
1655035325
1649709016
1647149314
1646478179
1645933681
1642548899
1640170337
1635905385
1635550270
1633938701
1633108117
1631518149
1630634994
1630387677
1626276121
1626250262
1623380595
1622597488
1617876982
1615935710
1610120709
1610009097
1609416931
1607774548
1605908235
1605894428
1605539862
1604765404
1603591171
1600028624
1599893069
1597322404
1597141723
1590079444
1586903190
1584710873
1583571043
1582152040
1581539848
1579068977
1573363368
1572276965
1569229320
1566369633
1566288819
1562402336
1555319301
1550101877
1548348142
1545032460
1544617505
1543755629
1543324176
1541027284
1539942439
1534230297
1529195746
1528806445
1527622954
1520982030
1520223205
1516266761
1510080967
1505193512
1504569917
1503967857
1503885238
1502781486
1501252996
1500474762
1498617647
1494613810
1489001354
1487053959
1486222842
1476453195
1476153275
1473442062
1473144500
1472713773
1472576335
1470503465
1470332231
1469834481
1469262009
1467963981
1466942491
1464415775
1460082195
1455590964
1452888574
1450956042
1450573622
1450099355
1449228398
1448703729
1447395528
1447267605
1446648412
1444311956
1442767057
1435218189
1434433518
1434322197
1433102829
1432114613
1431742587
1431419379
1426819080
1421186593
1417076376
1415505363
1414829150
1414647625
1412277685
1411328205
1411154259
1409959708
1407392292
1404515797
1404196431
1402961682
1402586708
1402492972
1398295499
1396918184
1395405989
1395235128
1395132002
1392740049
1390543437
1389867269
1388803074
1388391521
1387036159
1386418627
1385414639
1384095820
1380171692
1376710097
1376035217
1375179334
1373226340
1372261796
1371499336
1370973813
1369602726
1369356620
1369321801
1364090032
1360613073
1359512183
1353436873
1351797369
1351538839
1350573793
1347584264
1346811305
1344593499
1344247686
1343606042
1341443181
1340157793
1338299904
1337434154
1336092622
1335939811
1335354340
1330573317
1329202900
1329132133
1328104339
1326247643
1319041805
1315209188
1314218593
1312994984
1312630443
1309383303
1308044878
1307565984
1304811783
1302539390
1297893529
1295166342
1292413412
1291554098
1290127955
1289547084
1289360871
1287859999
1287726651
1285228804
1282648518
1281830857
1280631491
1280321648
1280311131
1277849958
1276673168
1275373743
1273911899
1272796157
1272469786
1269400346
1267889618
1266235189
1265204346
1265122573
1260596963
1255387090
1255179497
1253207672
1251300606
1250801052
1250372661
1244316437
1243439214
1242990415
1242608872
1242561041
1240554603
1239036029
1238498976
1238433452
1237379107
1232056856
1231192379
1219407971
1215828993
1210359231
1209734969
1204754116
1204462951
1204275569
1197352298
1194953865
1192707556
1190668363
1186994949
1186631626
1186452551
1186090428
1184214677
1176911340
1175526309
1172755590
1162088421
1158381494
1156541312
1155722604
1152645729
1151297278
1144522535
1144278050
1143565421
1143408282
1143195511
1140384172
1139901474
1137949908
1135771559
1131884850
1131359211
1130698571
1129033333
1124311574
1122336503
1120048829
1119399015
1117142618
1113502215
1112720090
1111783898
1108399134
1106059479
1105816539
1104627321
1104561852
1096689772
1095966189
1092637289
1089653714
1088590930
1081174232
1078898506
1070575321
1069755936
1067854538
1066077375
1065311705
1065103348
1063958031
1061730690
1057467587
1057418418
1051858969
1047372231
1046741222
1046370347
1043388777
1038626924
1037127828
1036140795
1034949299
1034514500
1031126087
1030313563
1026413173
1025533459
1025125849
1023457753
1022963858
1022089159
1021784812
1020406649
1017679567
1012836610
1012502954
1010528946
1007277217
1003886059
1001089438
1000372555
995706887
993967637
992028067
991810563
991039875
990892921
989241888
987987334
987706141
983631233
982936784
981914693
980356728
978587665
972058109
971899228
970925433
968338082
964445884
962033002
959997301
959372260
953691761
952062949
951426815
950390868
942724790
941804289
937558955
937370163
933110197
932862806
932026304
931489114
928140528
927612902
927376882
917679292
916018859
915711850
915256190
900104667
894429689
889023311
887077888
885799631
882160379
878273679
873524566
873199181
870305000
864101839
861543921
861109485
860516127
857490000
856363827
849725352
847228023
846942590
846811127
846621269
845563291
841148365
833215350
831768825
829570037
828388027
826047641
825726814
824272813
822890675
822262754
820697697
820097487
816504794
813274570
811742698
803590181
802205057
791698927
787689126
786039021
780821396
777720504
777210498
776532036
774044599
773319847
772970072
772634225
771476364
771151432
769304465
767066249
765326717
752704313
750167716
746349250
745598382
745425661
740759355
739273303
738647283
738393740
737703662
733450907
733327814
733053144
726371155
722308542
719346228
716334471
714880226
712633417
711845894
711645630
707900973
706043324
705178736
703550253
700108581
699460008
697517721
696947386
695748720
695466127
690367770
680466996
677870460
672655340
672563970
672139932
672032919
670752506
669908538
661955081
661761152
660260756
659639006
655858699
655495367
654887343
653468858
653448036
648031326
646755199
639806732
638422090
632651476
631704567
630668850
629593614
629580952
628974580
628966950
627992393
625032172
624549797
620145550
620089368
619290071
619054081
617909211
616734673
612353198
610506582
610486506
606199759
603570492
601385644
595311776
593209441
590335821
588219756
586235379
584522071
580508860
577721120
576994985
570073850
567304789
564325578
562395735
561717988
559412924
559301039
555996658
554290596
553160358
552910253
552473416
551836836
550245196
537322532
532670688
530498338
528433890
525829204
524872353
524688209
524305153
524133589
521035021
515530019
513937457
507578762
502278611
501772890
500618996
500037525
498777856
496987743
496060028
492067917
488663950
485560280
484238046
483689685
481928577
480298490
478034945
476667372
476564285
476152433
474613996
472131489
471990783
470631541
470591100
463480570
460686763
454333378
452867621
452825171
452456682
446340713
445080308
441767868
439493451
438792350
437116466
435889744
434290636
434248626
431530126
430253414
428903682
427355115
425245975
420687483
415522325
413360099
411826969
411522957
410409117
410228794
410134047
409544918
407487131
406011017
404259631
404158660
402903177
402724286
400000569
396473730
396377017
395279207
395191309
394709364
394633074
392035568
389040743
387451659
387346491
386839851
384370888
382697713
380390179
378469911
378409503
376696776
372160269
371653516
370917955
364686248
364319529
364228444
362575055
358984857
358532290
356684278
352406219
352118606
350322227
349517445
345367818
343945053
342146590
338888228
337745691
337739299
337453826
333582338
332266748
332238283
328298285
327254586
324763920
318561886
317097467
309198987
309112297
305197314
301373537
298625210
298501962
296864819
294110991
292423943
292218004
289700723
286448566
282828202
279121308
272020127
271059426
270754552
270744729
269455306
269441500
262692685
262178224
260401255
260152959
257675105
255789528
246247255
245798898
243268139
242588954
241909610
238962600
235745791
235649157
235202254
234576987
231602422
226723382
223712350
222028828
221713886
221558440
219544266
217927335
217871137
216588711
216220853
213975407
213801961
212251746
209359415
207621703
207026272
204102747
202550399
201690613
201305624
200747796
199411898
195740084
192532621
190113083
188213258
181271232
180785147
174515334
168057522
168002245
165344818
164826621
160051528
159473059
159259470
158136104
157272379
155789224
155324914
153162844
151519934
150517567
150122846
146533149
136495343
134591281
126401947
126107205
124666328
120306710
116087764
114760235
114723506
113974112
112805732
111537764
110613202
108375482
107734713
105575579
104152274
101323875
96055805
94307398
93189435
87755422
85291638
82173109
78374295
78012497
76593093
76065818
74552805
70788355
70636429
63299708
61101360
51245830
44041351
40610537
37487770
35756851
34740865
31308902
29777560
19485054
14989683
12895151
12548159
12260289
11671338
11614769
10901063
10150109
8936987
7684930
6939507
6072641
2416949
